  1.42077677   0.96013932   1.09171752   1.08440070   1.09171752 108.12930637 111.65221523 107.18733878 111.65221523  61.43364279 180.00000000 298.56635721
  1.39577677   0.96013932   1.09171752   1.08440070   1.09171752 108.12930637 111.65221523 107.18733878 111.65221523  61.43364279 180.00000000 298.56635721
  1.44577677   0.96013932   1.09171752   1.08440070   1.09171752 108.12930637 111.65221523 107.18733878 111.65221523  61.43364279 180.00000000 298.56635721
  1.47077677   0.96013932   1.09171752   1.08440070   1.09171752 108.12930637 111.65221523 107.18733878 111.65221523  61.43364279 180.00000000 298.56635721
  1.37077677   0.96013932   1.09171752   1.08440070   1.09171752 108.12930637 111.65221523 107.18733878 111.65221523  61.43364279 180.00000000 298.56635721
  1.32077677   0.96013932   1.09171752   1.08440070   1.09171752 108.12930637 111.65221523 107.18733878 111.65221523  61.43364279 180.00000000 298.56635721
  1.52077677   0.96013932   1.09171752   1.08440070   1.09171752 108.12930637 111.65221523 107.18733878 111.65221523  61.43364279 180.00000000 298.56635721
  1.57077677   0.96013932   1.09171752   1.08440070   1.09171752 108.12930637 111.65221523 107.18733878 111.65221523  61.43364279 180.00000000 298.56635721
  1.27077677   0.96013932   1.09171752   1.08440070   1.09171752 108.12930637 111.65221523 107.18733878 111.65221523  61.43364279 180.00000000 298.56635721
  1.62077677   0.96013932   1.09171752   1.08440070   1.09171752 108.12930637 111.65221523 107.18733878 111.65221523  61.43364279 180.00000000 298.56635721
  1.22077677   0.96013932   1.09171752   1.08440070   1.09171752 108.12930637 111.65221523 107.18733878 111.65221523  61.43364279 180.00000000 298.56635721
  1.72077677   0.96013932   1.09171752   1.08440070   1.09171752 108.12930637 111.65221523 107.18733878 111.65221523  61.43364279 180.00000000 298.56635721
  1.12077677   0.96013932   1.09171752   1.08440070   1.09171752 108.12930637 111.65221523 107.18733878 111.65221523  61.43364279 180.00000000 298.56635721
  1.82077677   0.96013932   1.09171752   1.08440070   1.09171752 108.12930637 111.65221523 107.18733878 111.65221523  61.43364279 180.00000000 298.56635721
  1.92077677   0.96013932   1.09171752   1.08440070   1.09171752 108.12930637 111.65221523 107.18733878 111.65221523  61.43364279 180.00000000 298.56635721
  2.02077677   0.96013932   1.09171752   1.08440070   1.09171752 108.12930637 111.65221523 107.18733878 111.65221523  61.43364279 180.00000000 298.56635721
  2.12077677   0.96013932   1.09171752   1.08440070   1.09171752 108.12930637 111.65221523 107.18733878 111.65221523  61.43364279 180.00000000 298.56635721
  1.42077677   0.93513932   1.09171752   1.08440070   1.09171752 108.12930637 111.65221523 107.18733878 111.65221523  61.43364279 180.00000000 298.56635721
  1.42077677   0.98513932   1.09171752   1.08440070   1.09171752 108.12930637 111.65221523 107.18733878 111.65221523  61.43364279 180.00000000 298.56635721
  1.42077677   1.01013932   1.09171752   1.08440070   1.09171752 108.12930637 111.65221523 107.18733878 111.65221523  61.43364279 180.00000000 298.56635721
  1.42077677   0.91013932   1.09171752   1.08440070   1.09171752 108.12930637 111.65221523 107.18733878 111.65221523  61.43364279 180.00000000 298.56635721
  1.42077677   0.86013932   1.09171752   1.08440070   1.09171752 108.12930637 111.65221523 107.18733878 111.65221523  61.43364279 180.00000000 298.56635721
  1.42077677   1.06013932   1.09171752   1.08440070   1.09171752 108.12930637 111.65221523 107.18733878 111.65221523  61.43364279 180.00000000 298.56635721
  1.42077677   1.11013932   1.09171752   1.08440070   1.09171752 108.12930637 111.65221523 107.18733878 111.65221523  61.43364279 180.00000000 298.56635721
  1.42077677   0.81013932   1.09171752   1.08440070   1.09171752 108.12930637 111.65221523 107.18733878 111.65221523  61.43364279 180.00000000 298.56635721
  1.42077677   1.16013932   1.09171752   1.08440070   1.09171752 108.12930637 111.65221523 107.18733878 111.65221523  61.43364279 180.00000000 298.56635721
  1.42077677   0.76013932   1.09171752   1.08440070   1.09171752 108.12930637 111.65221523 107.18733878 111.65221523  61.43364279 180.00000000 298.56635721
  1.42077677   1.26013932   1.09171752   1.08440070   1.09171752 108.12930637 111.65221523 107.18733878 111.65221523  61.43364279 180.00000000 298.56635721
  1.42077677   0.66013932   1.09171752   1.08440070   1.09171752 108.12930637 111.65221523 107.18733878 111.65221523  61.43364279 180.00000000 298.56635721
  1.42077677   1.36013932   1.09171752   1.08440070   1.09171752 108.12930637 111.65221523 107.18733878 111.65221523  61.43364279 180.00000000 298.56635721
  1.42077677   1.46013932   1.09171752   1.08440070   1.09171752 108.12930637 111.65221523 107.18733878 111.65221523  61.43364279 180.00000000 298.56635721
  1.42077677   1.56013932   1.09171752   1.08440070   1.09171752 108.12930637 111.65221523 107.18733878 111.65221523  61.43364279 180.00000000 298.56635721
  1.42077677   1.66013932   1.09171752   1.08440070   1.09171752 108.12930637 111.65221523 107.18733878 111.65221523  61.43364279 180.00000000 298.56635721
  1.42077677   0.96013932   1.06671752   1.08440070   1.09171752 108.12930637 111.65221523 107.18733878 111.65221523  61.43364279 180.00000000 298.56635721
  1.42077677   0.96013932   1.11671752   1.08440070   1.09171752 108.12930637 111.65221523 107.18733878 111.65221523  61.43364279 180.00000000 298.56635721
  1.42077677   0.96013932   1.14171752   1.08440070   1.09171752 108.12930637 111.65221523 107.18733878 111.65221523  61.43364279 180.00000000 298.56635721
  1.42077677   0.96013932   1.04171752   1.08440070   1.09171752 108.12930637 111.65221523 107.18733878 111.65221523  61.43364279 180.00000000 298.56635721
  1.42077677   0.96013932   0.99171752   1.08440070   1.09171752 108.12930637 111.65221523 107.18733878 111.65221523  61.43364279 180.00000000 298.56635721
  1.42077677   0.96013932   1.19171752   1.08440070   1.09171752 108.12930637 111.65221523 107.18733878 111.65221523  61.43364279 180.00000000 298.56635721
  1.42077677   0.96013932   1.24171752   1.08440070   1.09171752 108.12930637 111.65221523 107.18733878 111.65221523  61.43364279 180.00000000 298.56635721
  1.42077677   0.96013932   0.94171752   1.08440070   1.09171752 108.12930637 111.65221523 107.18733878 111.65221523  61.43364279 180.00000000 298.56635721
  1.42077677   0.96013932   1.29171752   1.08440070   1.09171752 108.12930637 111.65221523 107.18733878 111.65221523  61.43364279 180.00000000 298.56635721
  1.42077677   0.96013932   0.89171752   1.08440070   1.09171752 108.12930637 111.65221523 107.18733878 111.65221523  61.43364279 180.00000000 298.56635721
  1.42077677   0.96013932   1.39171752   1.08440070   1.09171752 108.12930637 111.65221523 107.18733878 111.65221523  61.43364279 180.00000000 298.56635721
  1.42077677   0.96013932   0.79171752   1.08440070   1.09171752 108.12930637 111.65221523 107.18733878 111.65221523  61.43364279 180.00000000 298.56635721
  1.42077677   0.96013932   1.49171752   1.08440070   1.09171752 108.12930637 111.65221523 107.18733878 111.65221523  61.43364279 180.00000000 298.56635721
  1.42077677   0.96013932   1.59171752   1.08440070   1.09171752 108.12930637 111.65221523 107.18733878 111.65221523  61.43364279 180.00000000 298.56635721
  1.42077677   0.96013932   1.69171752   1.08440070   1.09171752 108.12930637 111.65221523 107.18733878 111.65221523  61.43364279 180.00000000 298.56635721
  1.42077677   0.96013932   1.79171752   1.08440070   1.09171752 108.12930637 111.65221523 107.18733878 111.65221523  61.43364279 180.00000000 298.56635721
  1.42077677   0.96013932   1.09171752   1.05940070   1.09171752 108.12930637 111.65221523 107.18733878 111.65221523  61.43364279 180.00000000 298.56635721
  1.42077677   0.96013932   1.09171752   1.10940070   1.09171752 108.12930637 111.65221523 107.18733878 111.65221523  61.43364279 180.00000000 298.56635721
  1.42077677   0.96013932   1.09171752   1.13440070   1.09171752 108.12930637 111.65221523 107.18733878 111.65221523  61.43364279 180.00000000 298.56635721
  1.42077677   0.96013932   1.09171752   1.03440070   1.09171752 108.12930637 111.65221523 107.18733878 111.65221523  61.43364279 180.00000000 298.56635721
  1.42077677   0.96013932   1.09171752   0.98440070   1.09171752 108.12930637 111.65221523 107.18733878 111.65221523  61.43364279 180.00000000 298.56635721
  1.42077677   0.96013932   1.09171752   1.18440070   1.09171752 108.12930637 111.65221523 107.18733878 111.65221523  61.43364279 180.00000000 298.56635721
  1.42077677   0.96013932   1.09171752   1.23440070   1.09171752 108.12930637 111.65221523 107.18733878 111.65221523  61.43364279 180.00000000 298.56635721
  1.42077677   0.96013932   1.09171752   0.93440070   1.09171752 108.12930637 111.65221523 107.18733878 111.65221523  61.43364279 180.00000000 298.56635721
  1.42077677   0.96013932   1.09171752   1.28440070   1.09171752 108.12930637 111.65221523 107.18733878 111.65221523  61.43364279 180.00000000 298.56635721
  1.42077677   0.96013932   1.09171752   0.88440070   1.09171752 108.12930637 111.65221523 107.18733878 111.65221523  61.43364279 180.00000000 298.56635721
  1.42077677   0.96013932   1.09171752   1.38440070   1.09171752 108.12930637 111.65221523 107.18733878 111.65221523  61.43364279 180.00000000 298.56635721
  1.42077677   0.96013932   1.09171752   0.78440070   1.09171752 108.12930637 111.65221523 107.18733878 111.65221523  61.43364279 180.00000000 298.56635721
  1.42077677   0.96013932   1.09171752   1.48440070   1.09171752 108.12930637 111.65221523 107.18733878 111.65221523  61.43364279 180.00000000 298.56635721
  1.42077677   0.96013932   1.09171752   1.58440070   1.09171752 108.12930637 111.65221523 107.18733878 111.65221523  61.43364279 180.00000000 298.56635721
  1.42077677   0.96013932   1.09171752   1.68440070   1.09171752 108.12930637 111.65221523 107.18733878 111.65221523  61.43364279 180.00000000 298.56635721
  1.42077677   0.96013932   1.09171752   1.78440070   1.09171752 108.12930637 111.65221523 107.18733878 111.65221523  61.43364279 180.00000000 298.56635721
  1.42077677   0.96013932   1.09171752   1.08440070   1.09171752 110.62930637 111.65221523 107.18733878 111.65221523  61.43364279 180.00000000 298.56635721
  1.42077677   0.96013932   1.09171752   1.08440070   1.09171752 105.62930637 111.65221523 107.18733878 111.65221523  61.43364279 180.00000000 298.56635721
  1.42077677   0.96013932   1.09171752   1.08440070   1.09171752 113.12930637 111.65221523 107.18733878 111.65221523  61.43364279 180.00000000 298.56635721
  1.42077677   0.96013932   1.09171752   1.08440070   1.09171752 103.12930637 111.65221523 107.18733878 111.65221523  61.43364279 180.00000000 298.56635721
  1.42077677   0.96013932   1.09171752   1.08440070   1.09171752 115.62930637 111.65221523 107.18733878 111.65221523  61.43364279 180.00000000 298.56635721
  1.42077677   0.96013932   1.09171752   1.08440070   1.09171752 100.62930637 111.65221523 107.18733878 111.65221523  61.43364279 180.00000000 298.56635721
  1.42077677   0.96013932   1.09171752   1.08440070   1.09171752 118.12930637 111.65221523 107.18733878 111.65221523  61.43364279 180.00000000 298.56635721
  1.42077677   0.96013932   1.09171752   1.08440070   1.09171752  98.12930637 111.65221523 107.18733878 111.65221523  61.43364279 180.00000000 298.56635721
  1.42077677   0.96013932   1.09171752   1.08440070   1.09171752 128.12930637 111.65221523 107.18733878 111.65221523  61.43364279 180.00000000 298.56635721
  1.42077677   0.96013932   1.09171752   1.08440070   1.09171752  88.12930637 111.65221523 107.18733878 111.65221523  61.43364279 180.00000000 298.56635721
  1.42077677   0.96013932   1.09171752   1.08440070   1.09171752 138.12930637 111.65221523 107.18733878 111.65221523  61.43364279 180.00000000 298.56635721
  1.42077677   0.96013932   1.09171752   1.08440070   1.09171752  78.12930637 111.65221523 107.18733878 111.65221523  61.43364279 180.00000000 298.56635721
  1.42077677   0.96013932   1.09171752   1.08440070   1.09171752 158.12930637 111.65221523 107.18733878 111.65221523  61.43364279 180.00000000 298.56635721
  1.42077677   0.96013932   1.09171752   1.08440070   1.09171752  58.12930637 111.65221523 107.18733878 111.65221523  61.43364279 180.00000000 298.56635721
  1.42077677   0.96013932   1.09171752   1.08440070   1.09171752 168.12930637 111.65221523 107.18733878 111.65221523  61.43364279 180.00000000 298.56635721
  1.42077677   0.96013932   1.09171752   1.08440070   1.09171752 108.12930637 114.15221523 107.18733878 111.65221523  61.43364279 180.00000000 298.56635721
  1.42077677   0.96013932   1.09171752   1.08440070   1.09171752 108.12930637 109.15221523 107.18733878 111.65221523  61.43364279 180.00000000 298.56635721
  1.42077677   0.96013932   1.09171752   1.08440070   1.09171752 108.12930637 116.65221523 107.18733878 111.65221523  61.43364279 180.00000000 298.56635721
  1.42077677   0.96013932   1.09171752   1.08440070   1.09171752 108.12930637 106.65221523 107.18733878 111.65221523  61.43364279 180.00000000 298.56635721
  1.42077677   0.96013932   1.09171752   1.08440070   1.09171752 108.12930637 119.15221523 107.18733878 111.65221523  61.43364279 180.00000000 298.56635721
  1.42077677   0.96013932   1.09171752   1.08440070   1.09171752 108.12930637 104.15221523 107.18733878 111.65221523  61.43364279 180.00000000 298.56635721
  1.42077677   0.96013932   1.09171752   1.08440070   1.09171752 108.12930637 121.65221523 107.18733878 111.65221523  61.43364279 180.00000000 298.56635721
  1.42077677   0.96013932   1.09171752   1.08440070   1.09171752 108.12930637 101.65221523 107.18733878 111.65221523  61.43364279 180.00000000 298.56635721
  1.42077677   0.96013932   1.09171752   1.08440070   1.09171752 108.12930637 131.65221523 107.18733878 111.65221523  61.43364279 180.00000000 298.56635721
  1.42077677   0.96013932   1.09171752   1.08440070   1.09171752 108.12930637  91.65221523 107.18733878 111.65221523  61.43364279 180.00000000 298.56635721
  1.42077677   0.96013932   1.09171752   1.08440070   1.09171752 108.12930637 141.65221523 107.18733878 111.65221523  61.43364279 180.00000000 298.56635721
  1.42077677   0.96013932   1.09171752   1.08440070   1.09171752 108.12930637  81.65221523 107.18733878 111.65221523  61.43364279 180.00000000 298.56635721
  1.42077677   0.96013932   1.09171752   1.08440070   1.09171752 108.12930637 161.65221523 107.18733878 111.65221523  61.43364279 180.00000000 298.56635721
  1.42077677   0.96013932   1.09171752   1.08440070   1.09171752 108.12930637  61.65221523 107.18733878 111.65221523  61.43364279 180.00000000 298.56635721
  1.42077677   0.96013932   1.09171752   1.08440070   1.09171752 108.12930637 171.65221523 107.18733878 111.65221523  61.43364279 180.00000000 298.56635721
  1.42077677   0.96013932   1.09171752   1.08440070   1.09171752 108.12930637 111.65221523 109.68733878 111.65221523  61.43364279 180.00000000 298.56635721
  1.42077677   0.96013932   1.09171752   1.08440070   1.09171752 108.12930637 111.65221523 104.68733878 111.65221523  61.43364279 180.00000000 298.56635721
  1.42077677   0.96013932   1.09171752   1.08440070   1.09171752 108.12930637 111.65221523 112.18733878 111.65221523  61.43364279 180.00000000 298.56635721
  1.42077677   0.96013932   1.09171752   1.08440070   1.09171752 108.12930637 111.65221523 102.18733878 111.65221523  61.43364279 180.00000000 298.56635721
  1.42077677   0.96013932   1.09171752   1.08440070   1.09171752 108.12930637 111.65221523 114.68733878 111.65221523  61.43364279 180.00000000 298.56635721
  1.42077677   0.96013932   1.09171752   1.08440070   1.09171752 108.12930637 111.65221523  99.68733878 111.65221523  61.43364279 180.00000000 298.56635721
  1.42077677   0.96013932   1.09171752   1.08440070   1.09171752 108.12930637 111.65221523 117.18733878 111.65221523  61.43364279 180.00000000 298.56635721
  1.42077677   0.96013932   1.09171752   1.08440070   1.09171752 108.12930637 111.65221523  97.18733878 111.65221523  61.43364279 180.00000000 298.56635721
  1.42077677   0.96013932   1.09171752   1.08440070   1.09171752 108.12930637 111.65221523 127.18733878 111.65221523  61.43364279 180.00000000 298.56635721
  1.42077677   0.96013932   1.09171752   1.08440070   1.09171752 108.12930637 111.65221523  87.18733878 111.65221523  61.43364279 180.00000000 298.56635721
  1.42077677   0.96013932   1.09171752   1.08440070   1.09171752 108.12930637 111.65221523 137.18733878 111.65221523  61.43364279 180.00000000 298.56635721
  1.42077677   0.96013932   1.09171752   1.08440070   1.09171752 108.12930637 111.65221523  77.18733878 111.65221523  61.43364279 180.00000000 298.56635721
  1.42077677   0.96013932   1.09171752   1.08440070   1.09171752 108.12930637 111.65221523 157.18733878 111.65221523  61.43364279 180.00000000 298.56635721
  1.42077677   0.96013932   1.09171752   1.08440070   1.09171752 108.12930637 111.65221523  57.18733878 111.65221523  61.43364279 180.00000000 298.56635721
  1.42077677   0.96013932   1.09171752   1.08440070   1.09171752 108.12930637 111.65221523 167.18733878 111.65221523  61.43364279 180.00000000 298.56635721
  1.42077677   0.96013932   1.09171752   1.08440070   1.09171752 108.12930637 111.65221523 107.18733878 111.65221523  61.43364279 178.97937927 299.58697794
  1.42077677   0.96013932   1.09171752   1.08440070   1.09171752 108.12930637 111.65221523 107.18733878 111.65221523  61.43364279 181.02062073 297.54573648
  1.42077677   0.96013932   1.09171752   1.08440070   1.09171752 108.12930637 111.65221523 107.18733878 111.65221523  61.43364279 177.95875855 300.60759866
  1.42077677   0.96013932   1.09171752   1.08440070   1.09171752 108.12930637 111.65221523 107.18733878 111.65221523  61.43364279 182.04124145 296.52511576
  1.42077677   0.96013932   1.09171752   1.08440070   1.09171752 108.12930637 111.65221523 107.18733878 111.65221523  61.43364279 176.93813782 301.62821939
  1.42077677   0.96013932   1.09171752   1.08440070   1.09171752 108.12930637 111.65221523 107.18733878 111.65221523  61.43364279 183.06186218 295.50449503
  1.42077677   0.96013932   1.09171752   1.08440070   1.09171752 108.12930637 111.65221523 107.18733878 111.65221523  61.43364279 175.91751710 302.64884011
  1.42077677   0.96013932   1.09171752   1.08440070   1.09171752 108.12930637 111.65221523 107.18733878 111.65221523  61.43364279 184.08248290 294.48387431
  1.42077677   0.96013932   1.09171752   1.08440070   1.09171752 108.12930637 111.65221523 107.18733878 111.65221523  61.43364279 163.67006838 314.89628883
  1.42077677   0.96013932   1.09171752   1.08440070   1.09171752 108.12930637 111.65221523 107.18733878 111.65221523  61.43364279 196.32993162 282.23642559
  1.42077677   0.96013932   1.09171752   1.08440070   1.09171752 108.12930637 111.65221523 107.18733878 111.65221523  61.43364279 155.50510257 323.06125464
  1.42077677   0.96013932   1.09171752   1.08440070   1.09171752 108.12930637 111.65221523 107.18733878 111.65221523  61.43364279 204.49489743 274.07145978
  1.42077677   0.96013932   1.09171752   1.08440070   1.09171752 108.12930637 111.65221523 107.18733878 111.65221523  61.43364279 147.34013676 331.22622045
  1.42077677   0.96013932   1.09171752   1.08440070   1.09171752 108.12930637 111.65221523 107.18733878 111.65221523  61.43364279 212.65986324 265.90649397
  1.42077677   0.96013932   1.09171752   1.08440070   1.09171752 108.12930637 111.65221523 107.18733878 111.65221523  61.43364279 139.17517095 339.39118626
  1.42077677   0.96013932   1.09171752   1.08440070   1.09171752 108.12930637 111.65221523 107.18733878 111.65221523  62.61215409 179.41074435 297.97710156
  1.42077677   0.96013932   1.09171752   1.08440070   1.09171752 108.12930637 111.65221523 107.18733878 111.65221523  60.25513149 180.58925565 299.15561286
  1.42077677   0.96013932   1.09171752   1.08440070   1.09171752 108.12930637 111.65221523 107.18733878 111.65221523  63.79066539 178.82148870 297.38784591
  1.42077677   0.96013932   1.09171752   1.08440070   1.09171752 108.12930637 111.65221523 107.18733878 111.65221523  59.07662019 181.17851130 299.74486851
  1.42077677   0.96013932   1.09171752   1.08440070   1.09171752 108.12930637 111.65221523 107.18733878 111.65221523  64.96917670 178.23223305 296.79859026
  1.42077677   0.96013932   1.09171752   1.08440070   1.09171752 108.12930637 111.65221523 107.18733878 111.65221523  57.89810888 181.76776695 300.33412416
  1.42077677   0.96013932   1.09171752   1.08440070   1.09171752 108.12930637 111.65221523 107.18733878 111.65221523  66.14768800 177.64297740 296.20933461
  1.42077677   0.96013932   1.09171752   1.08440070   1.09171752 108.12930637 111.65221523 107.18733878 111.65221523  56.71959758 182.35702260 300.92337981
  1.42077677   0.96013932   1.09171752   1.08440070   1.09171752 108.12930637 111.65221523 107.18733878 111.65221523  80.28982362 170.57190958 289.13826679
  1.42077677   0.96013932   1.09171752   1.08440070   1.09171752 108.12930637 111.65221523 107.18733878 111.65221523  42.57746196 189.42809042 307.99444763
  1.42077677   0.96013932   1.09171752   1.08440070   1.09171752 108.12930637 111.65221523 107.18733878 111.65221523  89.71791404 165.85786438 284.42422159
  1.42077677   0.96013932   1.09171752   1.08440070   1.09171752 108.12930637 111.65221523 107.18733878 111.65221523  33.14937154 194.14213562 312.70849283
  1.42077677   0.96013932   1.09171752   1.08440070   1.09171752 108.12930637 111.65221523 107.18733878 111.65221523  99.14600445 161.14381917 279.71017638
  1.42077677   0.96013932   1.09171752   1.08440070   1.09171752 108.12930637 111.65221523 107.18733878 111.65221523  23.72128113 198.85618083 317.42253804
  1.42077677   0.96013932   1.09171752   1.08440070   1.09171752 108.12930637 111.65221523 107.18733878 111.65221523 108.57409487 156.42977396 274.99613117
  1.42077677   0.96013932   1.09180692   1.08443516   1.09156755 108.12930637 111.59061441 107.20765833 111.70160447  66.43364279 185.00000000 303.56635721
  1.42077677   0.96013932   1.09182859   1.08453805   1.09136647 108.12930637 111.51355585 107.26827638 111.74181636  71.43364279 190.00000000 308.56635721
  1.42077677   0.96013932   1.09177784   1.08470791   1.09112562 108.12930637 111.41783537 107.36816520 111.77546283  76.43364279 195.00000000 313.56635721
  1.42077677   0.96013932   1.09165260   1.08494229   1.09085784 108.12930637 111.30056567 107.50559444 111.80458451  81.43364279 200.00000000 318.56635721
  1.42077677   0.96013932   1.09145339   1.08523767   1.09057691 108.12930637 111.15944716 107.67811282 111.83057384  86.43364279 205.00000000 323.56635721
  1.42077677   0.96013932   1.09118324   1.08558949   1.09029699 108.12930637 110.99300980 107.88253683 111.85417336  91.43364279 210.00000000 328.56635721
  1.42077677   0.96013932   1.09084746   1.08599204   1.09003196 108.12930637 110.80080395 108.11495837 111.87554386  96.43364279 215.00000000 333.56635721
  1.42077677   0.96013932   1.09045335   1.08643848   1.08979488 108.12930637 110.58352322 108.37078266 111.89438949 101.43364279 220.00000000 338.56635721
  1.42077677   0.96013932   1.09000987   1.08692086   1.08959734 108.12930637 110.34304914 108.64480625 111.91012121 106.43364279 225.00000000 343.56635721
  1.42077677   0.96013932   1.08952720   1.08743018   1.08944896 108.12930637 110.08241502 108.93134064 111.92203574 111.43364279 230.00000000 348.56635721
  1.42077677   0.96013932   1.08901640   1.08795646   1.08935695 108.12930637 109.80569410 109.22438230 111.92948639 116.43364279 235.00000000 353.56635721
  1.42077677   0.96013932   1.08848897   1.08848897   1.08932577 108.12930637 109.51782365 109.51782365 111.93202346 121.43364279 240.00000000 358.56635721
